nlocalfunc: 400
nlocalelemx: 16
nlocalelemy: 16
ID
-1 -1 -1 -1 -1 -1 -1 -1 -1 -1 -1 -1 -1 -1 -1 -1 -1 -1 -1 -1 -1 21 22 23 24 25 26 27 28 29 30 31 32 33 34 35 36 37 38 -1 -1 41 42 43 44 45 46 47 48 49 50 51 52 53 54 55 56 57 58 -1 -1 61 62 63 64 65 66 67 68 69 70 71 72 73 74 75 76 77 78 -1 -1 81 82 83 84 85 86 87 88 89 90 91 92 93 94 95 96 97 98 -1 -1 101 102 103 104 105 106 107 108 109 110 111 112 113 114 115 116 117 118 -1 -1 121 122 123 124 125 126 127 128 129 130 131 132 133 134 135 136 137 138 -1 -1 141 142 143 144 145 146 147 148 149 150 151 152 153 154 155 156 157 158 -1 -1 161 162 163 164 165 166 167 168 169 170 171 172 173 174 175 176 177 178 -1 -1 181 182 183 184 185 186 187 188 189 190 191 192 193 194 195 196 197 198 -1 -1 201 202 203 204 205 206 207 208 209 210 211 212 213 214 215 216 217 218 -1 -1 221 222 223 224 225 226 227 228 229 230 231 232 233 234 235 236 237 238 -1 -1 241 242 243 244 245 246 247 248 249 250 251 252 253 254 255 256 257 258 -1 -1 261 262 263 264 265 266 267 268 269 270 271 272 273 274 275 276 277 278 -1 -1 281 282 283 284 285 286 287 288 289 290 291 292 293 294 295 296 297 298 -1 -1 301 302 303 304 305 306 307 308 309 310 311 312 313 314 315 316 317 318 -1 -1 321 322 323 324 325 326 327 328 329 330 331 332 333 334 335 336 337 338 -1 -1 341 342 343 344 345 346 347 348 349 350 351 352 353 354 355 356 357 358 -1 -1 361 362 363 364 365 366 367 368 369 370 371 372 373 374 375 376 377 378 -1 -1 -1 -1 -1 -1 -1 -1 -1 -1 -1 -1 -1 -1 -1 -1 -1 -1 -1 -1 -1 
ghostID

Dir
0 1 2 3 4 5 6 7 8 9 10 11 12 13 14 15 16 17 18 19 20 39 40 59 60 79 80 99 100 119 120 139 140 159 160 179 180 199 200 219 220 239 240 259 260 279 280 299 300 319 320 339 340 359 360 379 380 381 382 383 384 385 386 387 388 389 390 391 392 393 394 395 396 397 398 399 
IEN
0 1 2 3 4 20 21 22 23 24 40 41 42 43 44 60 61 62 63 64 80 81 82 83 84 1 2 3 4 5 21 22 23 24 25 41 42 43 44 45 61 62 63 64 65 81 82 83 84 85 2 3 4 5 6 22 23 24 25 26 42 43 44 45 46 62 63 64 65 66 82 83 84 85 86 3 4 5 6 7 23 24 25 26 27 43 44 45 46 47 63 64 65 66 67 83 84 85 86 87 4 5 6 7 8 24 25 26 27 28 44 45 46 47 48 64 65 66 67 68 84 85 86 87 88 5 6 7 8 9 25 26 27 28 29 45 46 47 48 49 65 66 67 68 69 85 86 87 88 89 6 7 8 9 10 26 27 28 29 30 46 47 48 49 50 66 67 68 69 70 86 87 88 89 90 7 8 9 10 11 27 28 29 30 31 47 48 49 50 51 67 68 69 70 71 87 88 89 90 91 8 9 10 11 12 28 29 30 31 32 48 49 50 51 52 68 69 70 71 72 88 89 90 91 92 9 10 11 12 13 29 30 31 32 33 49 50 51 52 53 69 70 71 72 73 89 90 91 92 93 10 11 12 13 14 30 31 32 33 34 50 51 52 53 54 70 71 72 73 74 90 91 92 93 94 11 12 13 14 15 31 32 33 34 35 51 52 53 54 55 71 72 73 74 75 91 92 93 94 95 12 13 14 15 16 32 33 34 35 36 52 53 54 55 56 72 73 74 75 76 92 93 94 95 96 13 14 15 16 17 33 34 35 36 37 53 54 55 56 57 73 74 75 76 77 93 94 95 96 97 14 15 16 17 18 34 35 36 37 38 54 55 56 57 58 74 75 76 77 78 94 95 96 97 98 15 16 17 18 19 35 36 37 38 39 55 56 57 58 59 75 76 77 78 79 95 96 97 98 99 20 21 22 23 24 40 41 42 43 44 60 61 62 63 64 80 81 82 83 84 100 101 102 103 104 21 22 23 24 25 41 42 43 44 45 61 62 63 64 65 81 82 83 84 85 101 102 103 104 105 22 23 24 25 26 42 43 44 45 46 62 63 64 65 66 82 83 84 85 86 102 103 104 105 106 23 24 25 26 27 43 44 45 46 47 63 64 65 66 67 83 84 85 86 87 103 104 105 106 107 24 25 26 27 28 44 45 46 47 48 64 65 66 67 68 84 85 86 87 88 104 105 106 107 108 25 26 27 28 29 45 46 47 48 49 65 66 67 68 69 85 86 87 88 89 105 106 107 108 109 26 27 28 29 30 46 47 48 49 50 66 67 68 69 70 86 87 88 89 90 106 107 108 109 110 27 28 29 30 31 47 48 49 50 51 67 68 69 70 71 87 88 89 90 91 107 108 109 110 111 28 29 30 31 32 48 49 50 51 52 68 69 70 71 72 88 89 90 91 92 108 109 110 111 112 29 30 31 32 33 49 50 51 52 53 69 70 71 72 73 89 90 91 92 93 109 110 111 112 113 30 31 32 33 34 50 51 52 53 54 70 71 72 73 74 90 91 92 93 94 110 111 112 113 114 31 32 33 34 35 51 52 53 54 55 71 72 73 74 75 91 92 93 94 95 111 112 113 114 115 32 33 34 35 36 52 53 54 55 56 72 73 74 75 76 92 93 94 95 96 112 113 114 115 116 33 34 35 36 37 53 54 55 56 57 73 74 75 76 77 93 94 95 96 97 113 114 115 116 117 34 35 36 37 38 54 55 56 57 58 74 75 76 77 78 94 95 96 97 98 114 115 116 117 118 35 36 37 38 39 55 56 57 58 59 75 76 77 78 79 95 96 97 98 99 115 116 117 118 119 40 41 42 43 44 60 61 62 63 64 80 81 82 83 84 100 101 102 103 104 120 121 122 123 124 41 42 43 44 45 61 62 63 64 65 81 82 83 84 85 101 102 103 104 105 121 122 123 124 125 42 43 44 45 46 62 63 64 65 66 82 83 84 85 86 102 103 104 105 106 122 123 124 125 126 43 44 45 46 47 63 64 65 66 67 83 84 85 86 87 103 104 105 106 107 123 124 125 126 127 44 45 46 47 48 64 65 66 67 68 84 85 86 87 88 104 105 106 107 108 124 125 126 127 128 45 46 47 48 49 65 66 67 68 69 85 86 87 88 89 105 106 107 108 109 125 126 127 128 129 46 47 48 49 50 66 67 68 69 70 86 87 88 89 90 106 107 108 109 110 126 127 128 129 130 47 48 49 50 51 67 68 69 70 71 87 88 89 90 91 107 108 109 110 111 127 128 129 130 131 48 49 50 51 52 68 69 70 71 72 88 89 90 91 92 108 109 110 111 112 128 129 130 131 132 49 50 51 52 53 69 70 71 72 73 89 90 91 92 93 109 110 111 112 113 129 130 131 132 133 50 51 52 53 54 70 71 72 73 74 90 91 92 93 94 110 111 112 113 114 130 131 132 133 134 51 52 53 54 55 71 72 73 74 75 91 92 93 94 95 111 112 113 114 115 131 132 133 134 135 52 53 54 55 56 72 73 74 75 76 92 93 94 95 96 112 113 114 115 116 132 133 134 135 136 53 54 55 56 57 73 74 75 76 77 93 94 95 96 97 113 114 115 116 117 133 134 135 136 137 54 55 56 57 58 74 75 76 77 78 94 95 96 97 98 114 115 116 117 118 134 135 136 137 138 55 56 57 58 59 75 76 77 78 79 95 96 97 98 99 115 116 117 118 119 135 136 137 138 139 60 61 62 63 64 80 81 82 83 84 100 101 102 103 104 120 121 122 123 124 140 141 142 143 144 61 62 63 64 65 81 82 83 84 85 101 102 103 104 105 121 122 123 124 125 141 142 143 144 145 62 63 64 65 66 82 83 84 85 86 102 103 104 105 106 122 123 124 125 126 142 143 144 145 146 63 64 65 66 67 83 84 85 86 87 103 104 105 106 107 123 124 125 126 127 143 144 145 146 147 64 65 66 67 68 84 85 86 87 88 104 105 106 107 108 124 125 126 127 128 144 145 146 147 148 65 66 67 68 69 85 86 87 88 89 105 106 107 108 109 125 126 127 128 129 145 146 147 148 149 66 67 68 69 70 86 87 88 89 90 106 107 108 109 110 126 127 128 129 130 146 147 148 149 150 67 68 69 70 71 87 88 89 90 91 107 108 109 110 111 127 128 129 130 131 147 148 149 150 151 68 69 70 71 72 88 89 90 91 92 108 109 110 111 112 128 129 130 131 132 148 149 150 151 152 69 70 71 72 73 89 90 91 92 93 109 110 111 112 113 129 130 131 132 133 149 150 151 152 153 70 71 72 73 74 90 91 92 93 94 110 111 112 113 114 130 131 132 133 134 150 151 152 153 154 71 72 73 74 75 91 92 93 94 95 111 112 113 114 115 131 132 133 134 135 151 152 153 154 155 72 73 74 75 76 92 93 94 95 96 112 113 114 115 116 132 133 134 135 136 152 153 154 155 156 73 74 75 76 77 93 94 95 96 97 113 114 115 116 117 133 134 135 136 137 153 154 155 156 157 74 75 76 77 78 94 95 96 97 98 114 115 116 117 118 134 135 136 137 138 154 155 156 157 158 75 76 77 78 79 95 96 97 98 99 115 116 117 118 119 135 136 137 138 139 155 156 157 158 159 80 81 82 83 84 100 101 102 103 104 120 121 122 123 124 140 141 142 143 144 160 161 162 163 164 81 82 83 84 85 101 102 103 104 105 121 122 123 124 125 141 142 143 144 145 161 162 163 164 165 82 83 84 85 86 102 103 104 105 106 122 123 124 125 126 142 143 144 145 146 162 163 164 165 166 83 84 85 86 87 103 104 105 106 107 123 124 125 126 127 143 144 145 146 147 163 164 165 166 167 84 85 86 87 88 104 105 106 107 108 124 125 126 127 128 144 145 146 147 148 164 165 166 167 168 85 86 87 88 89 105 106 107 108 109 125 126 127 128 129 145 146 147 148 149 165 166 167 168 169 86 87 88 89 90 106 107 108 109 110 126 127 128 129 130 146 147 148 149 150 166 167 168 169 170 87 88 89 90 91 107 108 109 110 111 127 128 129 130 131 147 148 149 150 151 167 168 169 170 171 88 89 90 91 92 108 109 110 111 112 128 129 130 131 132 148 149 150 151 152 168 169 170 171 172 89 90 91 92 93 109 110 111 112 113 129 130 131 132 133 149 150 151 152 153 169 170 171 172 173 90 91 92 93 94 110 111 112 113 114 130 131 132 133 134 150 151 152 153 154 170 171 172 173 174 91 92 93 94 95 111 112 113 114 115 131 132 133 134 135 151 152 153 154 155 171 172 173 174 175 92 93 94 95 96 112 113 114 115 116 132 133 134 135 136 152 153 154 155 156 172 173 174 175 176 93 94 95 96 97 113 114 115 116 117 133 134 135 136 137 153 154 155 156 157 173 174 175 176 177 94 95 96 97 98 114 115 116 117 118 134 135 136 137 138 154 155 156 157 158 174 175 176 177 178 95 96 97 98 99 115 116 117 118 119 135 136 137 138 139 155 156 157 158 159 175 176 177 178 179 100 101 102 103 104 120 121 122 123 124 140 141 142 143 144 160 161 162 163 164 180 181 182 183 184 101 102 103 104 105 121 122 123 124 125 141 142 143 144 145 161 162 163 164 165 181 182 183 184 185 102 103 104 105 106 122 123 124 125 126 142 143 144 145 146 162 163 164 165 166 182 183 184 185 186 103 104 105 106 107 123 124 125 126 127 143 144 145 146 147 163 164 165 166 167 183 184 185 186 187 104 105 106 107 108 124 125 126 127 128 144 145 146 147 148 164 165 166 167 168 184 185 186 187 188 105 106 107 108 109 125 126 127 128 129 145 146 147 148 149 165 166 167 168 169 185 186 187 188 189 106 107 108 109 110 126 127 128 129 130 146 147 148 149 150 166 167 168 169 170 186 187 188 189 190 107 108 109 110 111 127 128 129 130 131 147 148 149 150 151 167 168 169 170 171 187 188 189 190 191 108 109 110 111 112 128 129 130 131 132 148 149 150 151 152 168 169 170 171 172 188 189 190 191 192 109 110 111 112 113 129 130 131 132 133 149 150 151 152 153 169 170 171 172 173 189 190 191 192 193 110 111 112 113 114 130 131 132 133 134 150 151 152 153 154 170 171 172 173 174 190 191 192 193 194 111 112 113 114 115 131 132 133 134 135 151 152 153 154 155 171 172 173 174 175 191 192 193 194 195 112 113 114 115 116 132 133 134 135 136 152 153 154 155 156 172 173 174 175 176 192 193 194 195 196 113 114 115 116 117 133 134 135 136 137 153 154 155 156 157 173 174 175 176 177 193 194 195 196 197 114 115 116 117 118 134 135 136 137 138 154 155 156 157 158 174 175 176 177 178 194 195 196 197 198 115 116 117 118 119 135 136 137 138 139 155 156 157 158 159 175 176 177 178 179 195 196 197 198 199 120 121 122 123 124 140 141 142 143 144 160 161 162 163 164 180 181 182 183 184 200 201 202 203 204 121 122 123 124 125 141 142 143 144 145 161 162 163 164 165 181 182 183 184 185 201 202 203 204 205 122 123 124 125 126 142 143 144 145 146 162 163 164 165 166 182 183 184 185 186 202 203 204 205 206 123 124 125 126 127 143 144 145 146 147 163 164 165 166 167 183 184 185 186 187 203 204 205 206 207 124 125 126 127 128 144 145 146 147 148 164 165 166 167 168 184 185 186 187 188 204 205 206 207 208 125 126 127 128 129 145 146 147 148 149 165 166 167 168 169 185 186 187 188 189 205 206 207 208 209 126 127 128 129 130 146 147 148 149 150 166 167 168 169 170 186 187 188 189 190 206 207 208 209 210 127 128 129 130 131 147 148 149 150 151 167 168 169 170 171 187 188 189 190 191 207 208 209 210 211 128 129 130 131 132 148 149 150 151 152 168 169 170 171 172 188 189 190 191 192 208 209 210 211 212 129 130 131 132 133 149 150 151 152 153 169 170 171 172 173 189 190 191 192 193 209 210 211 212 213 130 131 132 133 134 150 151 152 153 154 170 171 172 173 174 190 191 192 193 194 210 211 212 213 214 131 132 133 134 135 151 152 153 154 155 171 172 173 174 175 191 192 193 194 195 211 212 213 214 215 132 133 134 135 136 152 153 154 155 156 172 173 174 175 176 192 193 194 195 196 212 213 214 215 216 133 134 135 136 137 153 154 155 156 157 173 174 175 176 177 193 194 195 196 197 213 214 215 216 217 134 135 136 137 138 154 155 156 157 158 174 175 176 177 178 194 195 196 197 198 214 215 216 217 218 135 136 137 138 139 155 156 157 158 159 175 176 177 178 179 195 196 197 198 199 215 216 217 218 219 140 141 142 143 144 160 161 162 163 164 180 181 182 183 184 200 201 202 203 204 220 221 222 223 224 141 142 143 144 145 161 162 163 164 165 181 182 183 184 185 201 202 203 204 205 221 222 223 224 225 142 143 144 145 146 162 163 164 165 166 182 183 184 185 186 202 203 204 205 206 222 223 224 225 226 143 144 145 146 147 163 164 165 166 167 183 184 185 186 187 203 204 205 206 207 223 224 225 226 227 144 145 146 147 148 164 165 166 167 168 184 185 186 187 188 204 205 206 207 208 224 225 226 227 228 145 146 147 148 149 165 166 167 168 169 185 186 187 188 189 205 206 207 208 209 225 226 227 228 229 146 147 148 149 150 166 167 168 169 170 186 187 188 189 190 206 207 208 209 210 226 227 228 229 230 147 148 149 150 151 167 168 169 170 171 187 188 189 190 191 207 208 209 210 211 227 228 229 230 231 148 149 150 151 152 168 169 170 171 172 188 189 190 191 192 208 209 210 211 212 228 229 230 231 232 149 150 151 152 153 169 170 171 172 173 189 190 191 192 193 209 210 211 212 213 229 230 231 232 233 150 151 152 153 154 170 171 172 173 174 190 191 192 193 194 210 211 212 213 214 230 231 232 233 234 151 152 153 154 155 171 172 173 174 175 191 192 193 194 195 211 212 213 214 215 231 232 233 234 235 152 153 154 155 156 172 173 174 175 176 192 193 194 195 196 212 213 214 215 216 232 233 234 235 236 153 154 155 156 157 173 174 175 176 177 193 194 195 196 197 213 214 215 216 217 233 234 235 236 237 154 155 156 157 158 174 175 176 177 178 194 195 196 197 198 214 215 216 217 218 234 235 236 237 238 155 156 157 158 159 175 176 177 178 179 195 196 197 198 199 215 216 217 218 219 235 236 237 238 239 160 161 162 163 164 180 181 182 183 184 200 201 202 203 204 220 221 222 223 224 240 241 242 243 244 161 162 163 164 165 181 182 183 184 185 201 202 203 204 205 221 222 223 224 225 241 242 243 244 245 162 163 164 165 166 182 183 184 185 186 202 203 204 205 206 222 223 224 225 226 242 243 244 245 246 163 164 165 166 167 183 184 185 186 187 203 204 205 206 207 223 224 225 226 227 243 244 245 246 247 164 165 166 167 168 184 185 186 187 188 204 205 206 207 208 224 225 226 227 228 244 245 246 247 248 165 166 167 168 169 185 186 187 188 189 205 206 207 208 209 225 226 227 228 229 245 246 247 248 249 166 167 168 169 170 186 187 188 189 190 206 207 208 209 210 226 227 228 229 230 246 247 248 249 250 167 168 169 170 171 187 188 189 190 191 207 208 209 210 211 227 228 229 230 231 247 248 249 250 251 168 169 170 171 172 188 189 190 191 192 208 209 210 211 212 228 229 230 231 232 248 249 250 251 252 169 170 171 172 173 189 190 191 192 193 209 210 211 212 213 229 230 231 232 233 249 250 251 252 253 170 171 172 173 174 190 191 192 193 194 210 211 212 213 214 230 231 232 233 234 250 251 252 253 254 171 172 173 174 175 191 192 193 194 195 211 212 213 214 215 231 232 233 234 235 251 252 253 254 255 172 173 174 175 176 192 193 194 195 196 212 213 214 215 216 232 233 234 235 236 252 253 254 255 256 173 174 175 176 177 193 194 195 196 197 213 214 215 216 217 233 234 235 236 237 253 254 255 256 257 174 175 176 177 178 194 195 196 197 198 214 215 216 217 218 234 235 236 237 238 254 255 256 257 258 175 176 177 178 179 195 196 197 198 199 215 216 217 218 219 235 236 237 238 239 255 256 257 258 259 180 181 182 183 184 200 201 202 203 204 220 221 222 223 224 240 241 242 243 244 260 261 262 263 264 181 182 183 184 185 201 202 203 204 205 221 222 223 224 225 241 242 243 244 245 261 262 263 264 265 182 183 184 185 186 202 203 204 205 206 222 223 224 225 226 242 243 244 245 246 262 263 264 265 266 183 184 185 186 187 203 204 205 206 207 223 224 225 226 227 243 244 245 246 247 263 264 265 266 267 184 185 186 187 188 204 205 206 207 208 224 225 226 227 228 244 245 246 247 248 264 265 266 267 268 185 186 187 188 189 205 206 207 208 209 225 226 227 228 229 245 246 247 248 249 265 266 267 268 269 186 187 188 189 190 206 207 208 209 210 226 227 228 229 230 246 247 248 249 250 266 267 268 269 270 187 188 189 190 191 207 208 209 210 211 227 228 229 230 231 247 248 249 250 251 267 268 269 270 271 188 189 190 191 192 208 209 210 211 212 228 229 230 231 232 248 249 250 251 252 268 269 270 271 272 189 190 191 192 193 209 210 211 212 213 229 230 231 232 233 249 250 251 252 253 269 270 271 272 273 190 191 192 193 194 210 211 212 213 214 230 231 232 233 234 250 251 252 253 254 270 271 272 273 274 191 192 193 194 195 211 212 213 214 215 231 232 233 234 235 251 252 253 254 255 271 272 273 274 275 192 193 194 195 196 212 213 214 215 216 232 233 234 235 236 252 253 254 255 256 272 273 274 275 276 193 194 195 196 197 213 214 215 216 217 233 234 235 236 237 253 254 255 256 257 273 274 275 276 277 194 195 196 197 198 214 215 216 217 218 234 235 236 237 238 254 255 256 257 258 274 275 276 277 278 195 196 197 198 199 215 216 217 218 219 235 236 237 238 239 255 256 257 258 259 275 276 277 278 279 200 201 202 203 204 220 221 222 223 224 240 241 242 243 244 260 261 262 263 264 280 281 282 283 284 201 202 203 204 205 221 222 223 224 225 241 242 243 244 245 261 262 263 264 265 281 282 283 284 285 202 203 204 205 206 222 223 224 225 226 242 243 244 245 246 262 263 264 265 266 282 283 284 285 286 203 204 205 206 207 223 224 225 226 227 243 244 245 246 247 263 264 265 266 267 283 284 285 286 287 204 205 206 207 208 224 225 226 227 228 244 245 246 247 248 264 265 266 267 268 284 285 286 287 288 205 206 207 208 209 225 226 227 228 229 245 246 247 248 249 265 266 267 268 269 285 286 287 288 289 206 207 208 209 210 226 227 228 229 230 246 247 248 249 250 266 267 268 269 270 286 287 288 289 290 207 208 209 210 211 227 228 229 230 231 247 248 249 250 251 267 268 269 270 271 287 288 289 290 291 208 209 210 211 212 228 229 230 231 232 248 249 250 251 252 268 269 270 271 272 288 289 290 291 292 209 210 211 212 213 229 230 231 232 233 249 250 251 252 253 269 270 271 272 273 289 290 291 292 293 210 211 212 213 214 230 231 232 233 234 250 251 252 253 254 270 271 272 273 274 290 291 292 293 294 211 212 213 214 215 231 232 233 234 235 251 252 253 254 255 271 272 273 274 275 291 292 293 294 295 212 213 214 215 216 232 233 234 235 236 252 253 254 255 256 272 273 274 275 276 292 293 294 295 296 213 214 215 216 217 233 234 235 236 237 253 254 255 256 257 273 274 275 276 277 293 294 295 296 297 214 215 216 217 218 234 235 236 237 238 254 255 256 257 258 274 275 276 277 278 294 295 296 297 298 215 216 217 218 219 235 236 237 238 239 255 256 257 258 259 275 276 277 278 279 295 296 297 298 299 220 221 222 223 224 240 241 242 243 244 260 261 262 263 264 280 281 282 283 284 300 301 302 303 304 221 222 223 224 225 241 242 243 244 245 261 262 263 264 265 281 282 283 284 285 301 302 303 304 305 222 223 224 225 226 242 243 244 245 246 262 263 264 265 266 282 283 284 285 286 302 303 304 305 306 223 224 225 226 227 243 244 245 246 247 263 264 265 266 267 283 284 285 286 287 303 304 305 306 307 224 225 226 227 228 244 245 246 247 248 264 265 266 267 268 284 285 286 287 288 304 305 306 307 308 225 226 227 228 229 245 246 247 248 249 265 266 267 268 269 285 286 287 288 289 305 306 307 308 309 226 227 228 229 230 246 247 248 249 250 266 267 268 269 270 286 287 288 289 290 306 307 308 309 310 227 228 229 230 231 247 248 249 250 251 267 268 269 270 271 287 288 289 290 291 307 308 309 310 311 228 229 230 231 232 248 249 250 251 252 268 269 270 271 272 288 289 290 291 292 308 309 310 311 312 229 230 231 232 233 249 250 251 252 253 269 270 271 272 273 289 290 291 292 293 309 310 311 312 313 230 231 232 233 234 250 251 252 253 254 270 271 272 273 274 290 291 292 293 294 310 311 312 313 314 231 232 233 234 235 251 252 253 254 255 271 272 273 274 275 291 292 293 294 295 311 312 313 314 315 232 233 234 235 236 252 253 254 255 256 272 273 274 275 276 292 293 294 295 296 312 313 314 315 316 233 234 235 236 237 253 254 255 256 257 273 274 275 276 277 293 294 295 296 297 313 314 315 316 317 234 235 236 237 238 254 255 256 257 258 274 275 276 277 278 294 295 296 297 298 314 315 316 317 318 235 236 237 238 239 255 256 257 258 259 275 276 277 278 279 295 296 297 298 299 315 316 317 318 319 240 241 242 243 244 260 261 262 263 264 280 281 282 283 284 300 301 302 303 304 320 321 322 323 324 241 242 243 244 245 261 262 263 264 265 281 282 283 284 285 301 302 303 304 305 321 322 323 324 325 242 243 244 245 246 262 263 264 265 266 282 283 284 285 286 302 303 304 305 306 322 323 324 325 326 243 244 245 246 247 263 264 265 266 267 283 284 285 286 287 303 304 305 306 307 323 324 325 326 327 244 245 246 247 248 264 265 266 267 268 284 285 286 287 288 304 305 306 307 308 324 325 326 327 328 245 246 247 248 249 265 266 267 268 269 285 286 287 288 289 305 306 307 308 309 325 326 327 328 329 246 247 248 249 250 266 267 268 269 270 286 287 288 289 290 306 307 308 309 310 326 327 328 329 330 247 248 249 250 251 267 268 269 270 271 287 288 289 290 291 307 308 309 310 311 327 328 329 330 331 248 249 250 251 252 268 269 270 271 272 288 289 290 291 292 308 309 310 311 312 328 329 330 331 332 249 250 251 252 253 269 270 271 272 273 289 290 291 292 293 309 310 311 312 313 329 330 331 332 333 250 251 252 253 254 270 271 272 273 274 290 291 292 293 294 310 311 312 313 314 330 331 332 333 334 251 252 253 254 255 271 272 273 274 275 291 292 293 294 295 311 312 313 314 315 331 332 333 334 335 252 253 254 255 256 272 273 274 275 276 292 293 294 295 296 312 313 314 315 316 332 333 334 335 336 253 254 255 256 257 273 274 275 276 277 293 294 295 296 297 313 314 315 316 317 333 334 335 336 337 254 255 256 257 258 274 275 276 277 278 294 295 296 297 298 314 315 316 317 318 334 335 336 337 338 255 256 257 258 259 275 276 277 278 279 295 296 297 298 299 315 316 317 318 319 335 336 337 338 339 260 261 262 263 264 280 281 282 283 284 300 301 302 303 304 320 321 322 323 324 340 341 342 343 344 261 262 263 264 265 281 282 283 284 285 301 302 303 304 305 321 322 323 324 325 341 342 343 344 345 262 263 264 265 266 282 283 284 285 286 302 303 304 305 306 322 323 324 325 326 342 343 344 345 346 263 264 265 266 267 283 284 285 286 287 303 304 305 306 307 323 324 325 326 327 343 344 345 346 347 264 265 266 267 268 284 285 286 287 288 304 305 306 307 308 324 325 326 327 328 344 345 346 347 348 265 266 267 268 269 285 286 287 288 289 305 306 307 308 309 325 326 327 328 329 345 346 347 348 349 266 267 268 269 270 286 287 288 289 290 306 307 308 309 310 326 327 328 329 330 346 347 348 349 350 267 268 269 270 271 287 288 289 290 291 307 308 309 310 311 327 328 329 330 331 347 348 349 350 351 268 269 270 271 272 288 289 290 291 292 308 309 310 311 312 328 329 330 331 332 348 349 350 351 352 269 270 271 272 273 289 290 291 292 293 309 310 311 312 313 329 330 331 332 333 349 350 351 352 353 270 271 272 273 274 290 291 292 293 294 310 311 312 313 314 330 331 332 333 334 350 351 352 353 354 271 272 273 274 275 291 292 293 294 295 311 312 313 314 315 331 332 333 334 335 351 352 353 354 355 272 273 274 275 276 292 293 294 295 296 312 313 314 315 316 332 333 334 335 336 352 353 354 355 356 273 274 275 276 277 293 294 295 296 297 313 314 315 316 317 333 334 335 336 337 353 354 355 356 357 274 275 276 277 278 294 295 296 297 298 314 315 316 317 318 334 335 336 337 338 354 355 356 357 358 275 276 277 278 279 295 296 297 298 299 315 316 317 318 319 335 336 337 338 339 355 356 357 358 359 280 281 282 283 284 300 301 302 303 304 320 321 322 323 324 340 341 342 343 344 360 361 362 363 364 281 282 283 284 285 301 302 303 304 305 321 322 323 324 325 341 342 343 344 345 361 362 363 364 365 282 283 284 285 286 302 303 304 305 306 322 323 324 325 326 342 343 344 345 346 362 363 364 365 366 283 284 285 286 287 303 304 305 306 307 323 324 325 326 327 343 344 345 346 347 363 364 365 366 367 284 285 286 287 288 304 305 306 307 308 324 325 326 327 328 344 345 346 347 348 364 365 366 367 368 285 286 287 288 289 305 306 307 308 309 325 326 327 328 329 345 346 347 348 349 365 366 367 368 369 286 287 288 289 290 306 307 308 309 310 326 327 328 329 330 346 347 348 349 350 366 367 368 369 370 287 288 289 290 291 307 308 309 310 311 327 328 329 330 331 347 348 349 350 351 367 368 369 370 371 288 289 290 291 292 308 309 310 311 312 328 329 330 331 332 348 349 350 351 352 368 369 370 371 372 289 290 291 292 293 309 310 311 312 313 329 330 331 332 333 349 350 351 352 353 369 370 371 372 373 290 291 292 293 294 310 311 312 313 314 330 331 332 333 334 350 351 352 353 354 370 371 372 373 374 291 292 293 294 295 311 312 313 314 315 331 332 333 334 335 351 352 353 354 355 371 372 373 374 375 292 293 294 295 296 312 313 314 315 316 332 333 334 335 336 352 353 354 355 356 372 373 374 375 376 293 294 295 296 297 313 314 315 316 317 333 334 335 336 337 353 354 355 356 357 373 374 375 376 377 294 295 296 297 298 314 315 316 317 318 334 335 336 337 338 354 355 356 357 358 374 375 376 377 378 295 296 297 298 299 315 316 317 318 319 335 336 337 338 339 355 356 357 358 359 375 376 377 378 379 300 301 302 303 304 320 321 322 323 324 340 341 342 343 344 360 361 362 363 364 380 381 382 383 384 301 302 303 304 305 321 322 323 324 325 341 342 343 344 345 361 362 363 364 365 381 382 383 384 385 302 303 304 305 306 322 323 324 325 326 342 343 344 345 346 362 363 364 365 366 382 383 384 385 386 303 304 305 306 307 323 324 325 326 327 343 344 345 346 347 363 364 365 366 367 383 384 385 386 387 304 305 306 307 308 324 325 326 327 328 344 345 346 347 348 364 365 366 367 368 384 385 386 387 388 305 306 307 308 309 325 326 327 328 329 345 346 347 348 349 365 366 367 368 369 385 386 387 388 389 306 307 308 309 310 326 327 328 329 330 346 347 348 349 350 366 367 368 369 370 386 387 388 389 390 307 308 309 310 311 327 328 329 330 331 347 348 349 350 351 367 368 369 370 371 387 388 389 390 391 308 309 310 311 312 328 329 330 331 332 348 349 350 351 352 368 369 370 371 372 388 389 390 391 392 309 310 311 312 313 329 330 331 332 333 349 350 351 352 353 369 370 371 372 373 389 390 391 392 393 310 311 312 313 314 330 331 332 333 334 350 351 352 353 354 370 371 372 373 374 390 391 392 393 394 311 312 313 314 315 331 332 333 334 335 351 352 353 354 355 371 372 373 374 375 391 392 393 394 395 312 313 314 315 316 332 333 334 335 336 352 353 354 355 356 372 373 374 375 376 392 393 394 395 396 313 314 315 316 317 333 334 335 336 337 353 354 355 356 357 373 374 375 376 377 393 394 395 396 397 314 315 316 317 318 334 335 336 337 338 354 355 356 357 358 374 375 376 377 378 394 395 396 397 398 315 316 317 318 319 335 336 337 338 339 355 356 357 358 359 375 376 377 378 379 395 396 397 398 399 
ElemSize1
0.0625 0.0625 0.0625 0.0625 0.0625 0.0625 0.0625 0.0625 0.0625 0.0625 0.0625 0.0625 0.0625 0.0625 0.0625 0.0625 
ElemSize2
0.0625 0.0625 0.0625 0.0625 0.0625 0.0625 0.0625 0.0625 0.0625 0.0625 0.0625 0.0625 0.0625 0.0625 0.0625 0.0625 
CP
0 0 0.01562499999999999 0 0.04687500000000001 0 0.09374999999999999 0 0.1562500000000001 0 0.2187500000000001 0 0.2812500000000001 0 0.3437500000000001 0 0.4062500000000001 0 0.4687500000000001 0 0.5312500000000001 0 0.5937500000000001 0 0.6562500000000001 0 0.7187500000000001 0 0.7812500000000001 0 0.8437499999999999 0 0.90625 0 0.953125 0 0.984375 0 1 0 0 0.01562499999999999 0.01562499999999999 0.01562499999999999 0.04687500000000001 0.01562499999999999 0.09374999999999999 0.01562499999999999 0.1562500000000001 0.01562499999999999 0.2187500000000001 0.01562499999999999 0.2812500000000001 0.01562499999999999 0.3437500000000001 0.01562499999999999 0.4062500000000001 0.01562499999999999 0.4687500000000001 0.01562499999999999 0.5312500000000001 0.01562499999999999 0.5937500000000001 0.01562499999999999 0.6562500000000001 0.01562499999999999 0.7187500000000001 0.01562499999999999 0.7812500000000001 0.01562499999999999 0.8437499999999999 0.01562499999999999 0.90625 0.01562499999999999 0.953125 0.01562499999999999 0.984375 0.01562499999999999 1 0.01562499999999999 0 0.04687500000000001 0.01562499999999999 0.04687500000000001 0.04687500000000001 0.04687500000000001 0.09374999999999999 0.04687500000000001 0.1562500000000001 0.04687500000000001 0.2187500000000001 0.04687500000000001 0.2812500000000001 0.04687500000000001 0.3437500000000001 0.04687500000000001 0.4062500000000001 0.04687500000000001 0.4687500000000001 0.04687500000000001 0.5312500000000001 0.04687500000000001 0.5937500000000001 0.04687500000000001 0.6562500000000001 0.04687500000000001 0.7187500000000001 0.04687500000000001 0.7812500000000001 0.04687500000000001 0.8437499999999999 0.04687500000000001 0.90625 0.04687500000000001 0.953125 0.04687500000000001 0.984375 0.04687500000000001 1 0.04687500000000001 0 0.09374999999999999 0.01562499999999999 0.09374999999999999 0.04687500000000001 0.09374999999999999 0.09374999999999999 0.09374999999999999 0.1562500000000001 0.09374999999999999 0.2187500000000001 0.09374999999999999 0.2812500000000001 0.09374999999999999 0.3437500000000001 0.09374999999999999 0.4062500000000001 0.09374999999999999 0.4687500000000001 0.09374999999999999 0.5312500000000001 0.09374999999999999 0.5937500000000001 0.09374999999999999 0.6562500000000001 0.09374999999999999 0.7187500000000001 0.09374999999999999 0.7812500000000001 0.09374999999999999 0.8437499999999999 0.09374999999999999 0.90625 0.09374999999999999 0.953125 0.09374999999999999 0.984375 0.09374999999999999 1 0.09374999999999999 0 0.1562500000000001 0.01562499999999999 0.1562500000000001 0.04687500000000001 0.1562500000000001 0.09374999999999999 0.1562500000000001 0.1562500000000001 0.1562500000000001 0.2187500000000001 0.1562500000000001 0.2812500000000001 0.1562500000000001 0.3437500000000001 0.1562500000000001 0.4062500000000001 0.1562500000000001 0.4687500000000001 0.1562500000000001 0.5312500000000001 0.1562500000000001 0.5937500000000001 0.1562500000000001 0.6562500000000001 0.1562500000000001 0.7187500000000001 0.1562500000000001 0.7812500000000001 0.1562500000000001 0.8437499999999999 0.1562500000000001 0.90625 0.1562500000000001 0.953125 0.1562500000000001 0.984375 0.1562500000000001 1 0.1562500000000001 0 0.2187500000000001 0.01562499999999999 0.2187500000000001 0.04687500000000001 0.2187500000000001 0.09374999999999999 0.2187500000000001 0.1562500000000001 0.2187500000000001 0.2187500000000001 0.2187500000000001 0.2812500000000001 0.2187500000000001 0.3437500000000001 0.2187500000000001 0.4062500000000001 0.2187500000000001 0.4687500000000001 0.2187500000000001 0.5312500000000001 0.2187500000000001 0.5937500000000001 0.2187500000000001 0.6562500000000001 0.2187500000000001 0.7187500000000001 0.2187500000000001 0.7812500000000001 0.2187500000000001 0.8437499999999999 0.2187500000000001 0.90625 0.2187500000000001 0.953125 0.2187500000000001 0.984375 0.2187500000000001 1 0.2187500000000001 0 0.2812500000000001 0.01562499999999999 0.2812500000000001 0.04687500000000001 0.2812500000000001 0.09374999999999999 0.2812500000000001 0.1562500000000001 0.2812500000000001 0.2187500000000001 0.2812500000000001 0.2812500000000001 0.2812500000000001 0.3437500000000001 0.2812500000000001 0.4062500000000001 0.2812500000000001 0.4687500000000001 0.2812500000000001 0.5312500000000001 0.2812500000000001 0.5937500000000001 0.2812500000000001 0.6562500000000001 0.2812500000000001 0.7187500000000001 0.2812500000000001 0.7812500000000001 0.2812500000000001 0.8437499999999999 0.2812500000000001 0.90625 0.2812500000000001 0.953125 0.2812500000000001 0.984375 0.2812500000000001 1 0.2812500000000001 0 0.3437500000000001 0.01562499999999999 0.3437500000000001 0.04687500000000001 0.3437500000000001 0.09374999999999999 0.3437500000000001 0.1562500000000001 0.3437500000000001 0.2187500000000001 0.3437500000000001 0.2812500000000001 0.3437500000000001 0.3437500000000001 0.3437500000000001 0.4062500000000001 0.3437500000000001 0.4687500000000001 0.3437500000000001 0.5312500000000001 0.3437500000000001 0.5937500000000001 0.3437500000000001 0.6562500000000001 0.3437500000000001 0.7187500000000001 0.3437500000000001 0.7812500000000001 0.3437500000000001 0.8437499999999999 0.3437500000000001 0.90625 0.3437500000000001 0.953125 0.3437500000000001 0.984375 0.3437500000000001 1 0.3437500000000001 0 0.4062500000000001 0.01562499999999999 0.4062500000000001 0.04687500000000001 0.4062500000000001 0.09374999999999999 0.4062500000000001 0.1562500000000001 0.4062500000000001 0.2187500000000001 0.4062500000000001 0.2812500000000001 0.4062500000000001 0.3437500000000001 0.4062500000000001 0.4062500000000001 0.4062500000000001 0.4687500000000001 0.4062500000000001 0.5312500000000001 0.4062500000000001 0.5937500000000001 0.4062500000000001 0.6562500000000001 0.4062500000000001 0.7187500000000001 0.4062500000000001 0.7812500000000001 0.4062500000000001 0.8437499999999999 0.4062500000000001 0.90625 0.4062500000000001 0.953125 0.4062500000000001 0.984375 0.4062500000000001 1 0.4062500000000001 0 0.4687500000000001 0.01562499999999999 0.4687500000000001 0.04687500000000001 0.4687500000000001 0.09374999999999999 0.4687500000000001 0.1562500000000001 0.4687500000000001 0.2187500000000001 0.4687500000000001 0.2812500000000001 0.4687500000000001 0.3437500000000001 0.4687500000000001 0.4062500000000001 0.4687500000000001 0.4687500000000001 0.4687500000000001 0.5312500000000001 0.4687500000000001 0.5937500000000001 0.4687500000000001 0.6562500000000001 0.4687500000000001 0.7187500000000001 0.4687500000000001 0.7812500000000001 0.4687500000000001 0.8437499999999999 0.4687500000000001 0.90625 0.4687500000000001 0.953125 0.4687500000000001 0.984375 0.4687500000000001 1 0.4687500000000001 0 0.5312500000000001 0.01562499999999999 0.5312500000000001 0.04687500000000001 0.5312500000000001 0.09374999999999999 0.5312500000000001 0.1562500000000001 0.5312500000000001 0.2187500000000001 0.5312500000000001 0.2812500000000001 0.5312500000000001 0.3437500000000001 0.5312500000000001 0.4062500000000001 0.5312500000000001 0.4687500000000001 0.5312500000000001 0.5312500000000001 0.5312500000000001 0.5937500000000001 0.5312500000000001 0.6562500000000001 0.5312500000000001 0.7187500000000001 0.5312500000000001 0.7812500000000001 0.5312500000000001 0.8437499999999999 0.5312500000000001 0.90625 0.5312500000000001 0.953125 0.5312500000000001 0.984375 0.5312500000000001 1 0.5312500000000001 0 0.5937500000000001 0.01562499999999999 0.5937500000000001 0.04687500000000001 0.5937500000000001 0.09374999999999999 0.5937500000000001 0.1562500000000001 0.5937500000000001 0.2187500000000001 0.5937500000000001 0.2812500000000001 0.5937500000000001 0.3437500000000001 0.5937500000000001 0.4062500000000001 0.5937500000000001 0.4687500000000001 0.5937500000000001 0.5312500000000001 0.5937500000000001 0.5937500000000001 0.5937500000000001 0.6562500000000001 0.5937500000000001 0.7187500000000001 0.5937500000000001 0.7812500000000001 0.5937500000000001 0.8437499999999999 0.5937500000000001 0.90625 0.5937500000000001 0.953125 0.5937500000000001 0.984375 0.5937500000000001 1 0.5937500000000001 0 0.6562500000000001 0.01562499999999999 0.6562500000000001 0.04687500000000001 0.6562500000000001 0.09374999999999999 0.6562500000000001 0.1562500000000001 0.6562500000000001 0.2187500000000001 0.6562500000000001 0.2812500000000001 0.6562500000000001 0.3437500000000001 0.6562500000000001 0.4062500000000001 0.6562500000000001 0.4687500000000001 0.6562500000000001 0.5312500000000001 0.6562500000000001 0.5937500000000001 0.6562500000000001 0.6562500000000001 0.6562500000000001 0.7187500000000001 0.6562500000000001 0.7812500000000001 0.6562500000000001 0.8437499999999999 0.6562500000000001 0.90625 0.6562500000000001 0.953125 0.6562500000000001 0.984375 0.6562500000000001 1 0.6562500000000001 0 0.7187500000000001 0.01562499999999999 0.7187500000000001 0.04687500000000001 0.7187500000000001 0.09374999999999999 0.7187500000000001 0.1562500000000001 0.7187500000000001 0.2187500000000001 0.7187500000000001 0.2812500000000001 0.7187500000000001 0.3437500000000001 0.7187500000000001 0.4062500000000001 0.7187500000000001 0.4687500000000001 0.7187500000000001 0.5312500000000001 0.7187500000000001 0.5937500000000001 0.7187500000000001 0.6562500000000001 0.7187500000000001 0.7187500000000001 0.7187500000000001 0.7812500000000001 0.7187500000000001 0.8437499999999999 0.7187500000000001 0.90625 0.7187500000000001 0.953125 0.7187500000000001 0.984375 0.7187500000000001 1 0.7187500000000001 0 0.7812500000000001 0.01562499999999999 0.7812500000000001 0.04687500000000001 0.7812500000000001 0.09374999999999999 0.7812500000000001 0.1562500000000001 0.7812500000000001 0.2187500000000001 0.7812500000000001 0.2812500000000001 0.7812500000000001 0.3437500000000001 0.7812500000000001 0.4062500000000001 0.7812500000000001 0.4687500000000001 0.7812500000000001 0.5312500000000001 0.7812500000000001 0.5937500000000001 0.7812500000000001 0.6562500000000001 0.7812500000000001 0.7187500000000001 0.7812500000000001 0.7812500000000001 0.7812500000000001 0.8437499999999999 0.7812500000000001 0.90625 0.7812500000000001 0.953125 0.7812500000000001 0.984375 0.7812500000000001 1 0.7812500000000001 0 0.8437499999999999 0.01562499999999999 0.8437499999999999 0.04687500000000001 0.8437499999999999 0.09374999999999999 0.8437499999999999 0.1562500000000001 0.8437499999999999 0.2187500000000001 0.8437499999999999 0.2812500000000001 0.8437499999999999 0.3437500000000001 0.8437499999999999 0.4062500000000001 0.8437499999999999 0.4687500000000001 0.8437499999999999 0.5312500000000001 0.8437499999999999 0.5937500000000001 0.8437499999999999 0.6562500000000001 0.8437499999999999 0.7187500000000001 0.8437499999999999 0.7812500000000001 0.8437499999999999 0.8437499999999999 0.8437499999999999 0.90625 0.8437499999999999 0.953125 0.8437499999999999 0.984375 0.8437499999999999 1 0.8437499999999999 0 0.90625 0.01562499999999999 0.90625 0.04687500000000001 0.90625 0.09374999999999999 0.90625 0.1562500000000001 0.90625 0.2187500000000001 0.90625 0.2812500000000001 0.90625 0.3437500000000001 0.90625 0.4062500000000001 0.90625 0.4687500000000001 0.90625 0.5312500000000001 0.90625 0.5937500000000001 0.90625 0.6562500000000001 0.90625 0.7187500000000001 0.90625 0.7812500000000001 0.90625 0.8437499999999999 0.90625 0.90625 0.90625 0.953125 0.90625 0.984375 0.90625 1 0.90625 0 0.953125 0.01562499999999999 0.953125 0.04687500000000001 0.953125 0.09374999999999999 0.953125 0.1562500000000001 0.953125 0.2187500000000001 0.953125 0.2812500000000001 0.953125 0.3437500000000001 0.953125 0.4062500000000001 0.953125 0.4687500000000001 0.953125 0.5312500000000001 0.953125 0.5937500000000001 0.953125 0.6562500000000001 0.953125 0.7187500000000001 0.953125 0.7812500000000001 0.953125 0.8437499999999999 0.953125 0.90625 0.953125 0.953125 0.953125 0.984375 0.953125 1 0.953125 0 0.984375 0.01562499999999999 0.984375 0.04687500000000001 0.984375 0.09374999999999999 0.984375 0.1562500000000001 0.984375 0.2187500000000001 0.984375 0.2812500000000001 0.984375 0.3437500000000001 0.984375 0.4062500000000001 0.984375 0.4687500000000001 0.984375 0.5312500000000001 0.984375 0.5937500000000001 0.984375 0.6562500000000001 0.984375 0.7187500000000001 0.984375 0.7812500000000001 0.984375 0.8437499999999999 0.984375 0.90625 0.984375 0.953125 0.984375 0.984375 0.984375 1 0.984375 0 1 0.01562499999999999 1 0.04687500000000001 1 0.09374999999999999 1 0.1562500000000001 1 0.2187500000000001 1 0.2812500000000001 1 0.3437500000000001 1 0.4062500000000001 1 0.4687500000000001 1 0.5312500000000001 1 0.5937500000000001 1 0.6562500000000001 1 0.7187500000000001 1 0.7812500000000001 1 0.8437499999999999 1 0.90625 1 0.953125 1 0.984375 1 1 1 
NURBSExtraction1
1 0 0 0 0 0 1 0.5 0.25 0.125 0 0 0.5 0.5833333333333334 0.513888888888889 0 0 0 0.1666666666666667 0.3194444444444444 0 0 0 0 0.04166666666666666 0.125 0 0 0 0 0.513888888888889 0.4444444444444445 0.2222222222222223 0.1111111111111111 0.05555555555555557 0.3194444444444444 0.4722222222222222 0.6111111111111112 0.5555555555555556 0.4444444444444445 0.04166666666666666 0.08333333333333333 0.1666666666666667 0.3333333333333333 0.4583333333333334 0 0 0 0 0.04166666666666666 0.05555555555555557 0 0 0 0 0.4444444444444445 0.3333333333333334 0.1666666666666667 0.08333333333333334 0.04166666666666667 0.4583333333333334 0.5833333333333334 0.6666666666666667 0.5833333333333334 0.4583333333333334 0.04166666666666666 0.08333333333333333 0.1666666666666667 0.3333333333333333 0.4583333333333334 0 0 0 0 0.04166666666666666 0.04166666666666667 0 0 0 0 0.4583333333333334 0.3333333333333334 0.1666666666666667 0.08333333333333334 0.04166666666666667 0.4583333333333334 0.5833333333333334 0.6666666666666667 0.5833333333333334 0.4583333333333334 0.04166666666666666 0.08333333333333333 0.1666666666666667 0.3333333333333333 0.4583333333333334 0 0 0 0 0.04166666666666666 0.04166666666666667 0 0 0 0 0.4583333333333334 0.3333333333333334 0.1666666666666667 0.08333333333333334 0.04166666666666667 0.4583333333333334 0.5833333333333334 0.6666666666666667 0.5833333333333334 0.4583333333333334 0.04166666666666666 0.08333333333333333 0.1666666666666667 0.3333333333333333 0.4583333333333334 0 0 0 0 0.04166666666666666 0.04166666666666667 0 0 0 0 0.4583333333333334 0.3333333333333334 0.1666666666666667 0.08333333333333334 0.04166666666666667 0.4583333333333334 0.5833333333333334 0.6666666666666667 0.5833333333333334 0.4583333333333334 0.04166666666666666 0.08333333333333333 0.1666666666666667 0.3333333333333333 0.4583333333333334 0 0 0 0 0.04166666666666666 0.04166666666666667 0 0 0 0 0.4583333333333334 0.3333333333333334 0.1666666666666667 0.08333333333333334 0.04166666666666667 0.4583333333333334 0.5833333333333334 0.6666666666666667 0.5833333333333334 0.4583333333333334 0.04166666666666666 0.08333333333333333 0.1666666666666667 0.3333333333333333 0.4583333333333334 0 0 0 0 0.04166666666666666 0.04166666666666667 0 0 0 0 0.4583333333333334 0.3333333333333334 0.1666666666666667 0.08333333333333334 0.04166666666666667 0.4583333333333334 0.5833333333333334 0.6666666666666667 0.5833333333333334 0.4583333333333334 0.04166666666666666 0.08333333333333333 0.1666666666666667 0.3333333333333333 0.4583333333333334 0 0 0 0 0.04166666666666666 0.04166666666666667 0 0 0 0 0.4583333333333334 0.3333333333333334 0.1666666666666667 0.08333333333333334 0.04166666666666667 0.4583333333333334 0.5833333333333334 0.6666666666666667 0.5833333333333334 0.4583333333333334 0.04166666666666666 0.08333333333333333 0.1666666666666667 0.3333333333333333 0.4583333333333334 0 0 0 0 0.04166666666666666 0.04166666666666667 0 0 0 0 0.4583333333333334 0.3333333333333334 0.1666666666666667 0.08333333333333334 0.04166666666666667 0.4583333333333334 0.5833333333333334 0.6666666666666667 0.5833333333333334 0.4583333333333334 0.04166666666666666 0.08333333333333333 0.1666666666666667 0.3333333333333333 0.4583333333333334 0 0 0 0 0.04166666666666666 0.04166666666666667 0 0 0 0 0.4583333333333334 0.3333333333333334 0.1666666666666667 0.08333333333333334 0.04166666666666667 0.4583333333333334 0.5833333333333334 0.6666666666666667 0.5833333333333334 0.4583333333333334 0.04166666666666666 0.08333333333333333 0.1666666666666667 0.3333333333333333 0.4583333333333334 0 0 0 0 0.04166666666666666 0.04166666666666667 0 0 0 0 0.4583333333333334 0.3333333333333334 0.1666666666666667 0.08333333333333334 0.04166666666666667 0.4583333333333334 0.5833333333333334 0.6666666666666667 0.5833333333333334 0.4583333333333334 0.04166666666666666 0.08333333333333333 0.1666666666666667 0.3333333333333333 0.4583333333333334 0 0 0 0 0.04166666666666666 0.04166666666666667 0 0 0 0 0.4583333333333334 0.3333333333333334 0.1666666666666667 0.08333333333333334 0.04166666666666667 0.4583333333333334 0.5833333333333334 0.6666666666666667 0.5833333333333334 0.4583333333333334 0.04166666666666666 0.08333333333333333 0.1666666666666667 0.3333333333333333 0.4583333333333334 0 0 0 0 0.04166666666666666 0.04166666666666667 0 0 0 0 0.4583333333333334 0.3333333333333334 0.1666666666666667 0.08333333333333334 0.04166666666666667 0.4583333333333334 0.5833333333333334 0.6666666666666667 0.5833333333333334 0.4583333333333334 0.04166666666666666 0.08333333333333333 0.1666666666666667 0.3333333333333333 0.4444444444444444 0 0 0 0 0.05555555555555555 0.04166666666666667 0 0 0 0 0.4583333333333334 0.3333333333333334 0.1666666666666667 0.08333333333333334 0.04166666666666667 0.4444444444444444 0.5555555555555556 0.6111111111111112 0.4722222222222223 0.3194444444444445 0.05555555555555555 0.1111111111111111 0.2222222222222222 0.4444444444444444 0.5138888888888888 0 0 0 0 0.125 0.04166666666666667 0 0 0 0 0.3194444444444445 0.1666666666666667 0 0 0 0.5138888888888888 0.5833333333333333 0.5 0 0 0.125 0.25 0.5 1 0 0 0 0 0 1 
NURBSExtraction2
1 0 0 0 0 0 1 0.5 0.25 0.125 0 0 0.5 0.5833333333333334 0.513888888888889 0 0 0 0.1666666666666667 0.3194444444444444 0 0 0 0 0.04166666666666666 0.125 0 0 0 0 0.513888888888889 0.4444444444444445 0.2222222222222223 0.1111111111111111 0.05555555555555557 0.3194444444444444 0.4722222222222222 0.6111111111111112 0.5555555555555556 0.4444444444444445 0.04166666666666666 0.08333333333333333 0.1666666666666667 0.3333333333333333 0.4583333333333334 0 0 0 0 0.04166666666666666 0.05555555555555557 0 0 0 0 0.4444444444444445 0.3333333333333334 0.1666666666666667 0.08333333333333334 0.04166666666666667 0.4583333333333334 0.5833333333333334 0.6666666666666667 0.5833333333333334 0.4583333333333334 0.04166666666666666 0.08333333333333333 0.1666666666666667 0.3333333333333333 0.4583333333333334 0 0 0 0 0.04166666666666666 0.04166666666666667 0 0 0 0 0.4583333333333334 0.3333333333333334 0.1666666666666667 0.08333333333333334 0.04166666666666667 0.4583333333333334 0.5833333333333334 0.6666666666666667 0.5833333333333334 0.4583333333333334 0.04166666666666666 0.08333333333333333 0.1666666666666667 0.3333333333333333 0.4583333333333334 0 0 0 0 0.04166666666666666 0.04166666666666667 0 0 0 0 0.4583333333333334 0.3333333333333334 0.1666666666666667 0.08333333333333334 0.04166666666666667 0.4583333333333334 0.5833333333333334 0.6666666666666667 0.5833333333333334 0.4583333333333334 0.04166666666666666 0.08333333333333333 0.1666666666666667 0.3333333333333333 0.4583333333333334 0 0 0 0 0.04166666666666666 0.04166666666666667 0 0 0 0 0.4583333333333334 0.3333333333333334 0.1666666666666667 0.08333333333333334 0.04166666666666667 0.4583333333333334 0.5833333333333334 0.6666666666666667 0.5833333333333334 0.4583333333333334 0.04166666666666666 0.08333333333333333 0.1666666666666667 0.3333333333333333 0.4583333333333334 0 0 0 0 0.04166666666666666 0.04166666666666667 0 0 0 0 0.4583333333333334 0.3333333333333334 0.1666666666666667 0.08333333333333334 0.04166666666666667 0.4583333333333334 0.5833333333333334 0.6666666666666667 0.5833333333333334 0.4583333333333334 0.04166666666666666 0.08333333333333333 0.1666666666666667 0.3333333333333333 0.4583333333333334 0 0 0 0 0.04166666666666666 0.04166666666666667 0 0 0 0 0.4583333333333334 0.3333333333333334 0.1666666666666667 0.08333333333333334 0.04166666666666667 0.4583333333333334 0.5833333333333334 0.6666666666666667 0.5833333333333334 0.4583333333333334 0.04166666666666666 0.08333333333333333 0.1666666666666667 0.3333333333333333 0.4583333333333334 0 0 0 0 0.04166666666666666 0.04166666666666667 0 0 0 0 0.4583333333333334 0.3333333333333334 0.1666666666666667 0.08333333333333334 0.04166666666666667 0.4583333333333334 0.5833333333333334 0.6666666666666667 0.5833333333333334 0.4583333333333334 0.04166666666666666 0.08333333333333333 0.1666666666666667 0.3333333333333333 0.4583333333333334 0 0 0 0 0.04166666666666666 0.04166666666666667 0 0 0 0 0.4583333333333334 0.3333333333333334 0.1666666666666667 0.08333333333333334 0.04166666666666667 0.4583333333333334 0.5833333333333334 0.6666666666666667 0.5833333333333334 0.4583333333333334 0.04166666666666666 0.08333333333333333 0.1666666666666667 0.3333333333333333 0.4583333333333334 0 0 0 0 0.04166666666666666 0.04166666666666667 0 0 0 0 0.4583333333333334 0.3333333333333334 0.1666666666666667 0.08333333333333334 0.04166666666666667 0.4583333333333334 0.5833333333333334 0.6666666666666667 0.5833333333333334 0.4583333333333334 0.04166666666666666 0.08333333333333333 0.1666666666666667 0.3333333333333333 0.4583333333333334 0 0 0 0 0.04166666666666666 0.04166666666666667 0 0 0 0 0.4583333333333334 0.3333333333333334 0.1666666666666667 0.08333333333333334 0.04166666666666667 0.4583333333333334 0.5833333333333334 0.6666666666666667 0.5833333333333334 0.4583333333333334 0.04166666666666666 0.08333333333333333 0.1666666666666667 0.3333333333333333 0.4583333333333334 0 0 0 0 0.04166666666666666 0.04166666666666667 0 0 0 0 0.4583333333333334 0.3333333333333334 0.1666666666666667 0.08333333333333334 0.04166666666666667 0.4583333333333334 0.5833333333333334 0.6666666666666667 0.5833333333333334 0.4583333333333334 0.04166666666666666 0.08333333333333333 0.1666666666666667 0.3333333333333333 0.4583333333333334 0 0 0 0 0.04166666666666666 0.04166666666666667 0 0 0 0 0.4583333333333334 0.3333333333333334 0.1666666666666667 0.08333333333333334 0.04166666666666667 0.4583333333333334 0.5833333333333334 0.6666666666666667 0.5833333333333334 0.4583333333333334 0.04166666666666666 0.08333333333333333 0.1666666666666667 0.3333333333333333 0.4444444444444444 0 0 0 0 0.05555555555555555 0.04166666666666667 0 0 0 0 0.4583333333333334 0.3333333333333334 0.1666666666666667 0.08333333333333334 0.04166666666666667 0.4444444444444444 0.5555555555555556 0.6111111111111112 0.4722222222222223 0.3194444444444445 0.05555555555555555 0.1111111111111111 0.2222222222222222 0.4444444444444444 0.5138888888888888 0 0 0 0 0.125 0.04166666666666667 0 0 0 0 0.3194444444444445 0.1666666666666667 0 0 0 0.5138888888888888 0.5833333333333333 0.5 0 0 0.125 0.25 0.5 1 0 0 0 0 0 1 
